165
252
550
794
936
1085
896
541
1059
1330
1861
1694
1503
2333
1814
2064
1685
1765
2504
2625
97
296
585
554
962
686
814
1490
1213
1204
2167
1070
2113
2012
2288
1978
1342
1843
2213
3648
196
293
155
417
720
710
752
1349
1529
1901
2126
892
1481
2170
2860
1475
2899
2378
3649
2350
99
317
556
588
300
1034
744
1241
1119
964
1008
1079
1835
1244
1498
3200
2362
1758
2880
2273
83
381
454
271
486
762
1332
1526
1442
905
1059
1739
972
2237
1551
1914
1353
2252
3599
1787
86
388
347
518
697
1038
709
616
812
1019
2094
1371
2600
2418
1291
1435
3309
2538
3706
3895
191
252
236
303
743
783
1206
1193
865
1821
1826
1837
815
1858
1068
1681
2998
2607
1296
3292
145
182
229
795
683
1147
639
938
1645
841
1666
1469
2484
1253
1552
1734
1718
3333
1853
1804
152
355
462
546
792
858
1256
831
1782
1724
1630
1128
2146
2058
2432
2419
2805
2845
2299
2702
173
378
600
512
575
889
772
595
840
1955
1551
2080
2006
2199
2460
1641
2737
1398
2761
3475
