32
51
62
57
66
75
92
97
100
96
111
116
97
88
111
115
154
163
147
211
38
34
38
51
85
110
95
74
96
80
101
146
111
156
203
113
223
118
133
199
22
39
43
64
66
112
73
58
75
76
86
117
120
107
120
169
151
111
142
144
35
41
75
85
74
77
92
77
97
87
91
136
106
126
102
105
113
135
126
180
45
30
54
50
88
75
76
101
95
85
100
151
95
119
100
139
175
141
166
177
45
39
45
46
92
50
69
113
89
91
127
112
156
117
108
163
161
137
127
116
29
41
49
70
87
76
61
85
107
89
94
134
110
160
117
135
124
191
138
176
26
56
48
55
68
90
69
89
86
98
92
127
118
103
125
204
107
162
145
144
38
40
47
47
84
86
92
105
73
111
72
114
128
135
141
197
130
149
139
134
43
62
42
77
53
116
79
97
85
151
161
149
114
110
175
124
135
146
120
122
