97
337
172
229
237
223
234
323
379
464
406
464
996
858
965
1403
1841
1796
1719
1554
44
131
341
124
173
222
364
333
425
347
503
573
475
899
656
650
805
1287
1382
893
79
116
145
249
254
210
575
419
464
258
537
681
542
669
558
853
1034
919
1011
922
120
133
178
132
396
327
273
463
302
588
511
479
800
570
707
953
841
924
791
1053
60
271
240
235
391
410
368
665
780
464
371
786
1246
1023
585
914
619
855
1127
990
75
118
435
202
366
418
726
332
386
756
463
699
563
379
681
479
434
1016
1077
1129
107
152
230
238
433
507
668
343
348
769
798
898
940
751
826
1081
1025
1057
882
949
59
150
205
307
366
493
265
471
362
377
568
725
1213
692
1326
1323
803
1615
1631
936
55
123
172
203
171
258
288
414
495
379
563
558
708
800
752
981
1115
1480
847
1393
60
193
215
199
224
266
485
501
512
537
580
425
585
540
610
517
631
737
504
763
