68
86
146
272
241
276
264
361
255
298
456
810
549
380
1086
1045
821
1019
945
968
59
144
144
158
408
235
248
408
401
440
369
513
660
685
651
862
740
714
767
814
42
91
402
317
280
282
626
658
450
511
304
384
488
704
688
887
816
708
1277
1763
71
102
111
167
211
459
378
332
883
630
859
733
493
768
758
678
1045
945
1149
819
73
96
172
247
355
300
243
682
558
429
382
371
735
624
634
484
752
909
824
726
39
163
151
158
205
280
445
405
809
853
418
715
782
579
1278
886
1039
1072
1264
1032
84
108
321
351
339
347
311
278
308
349
488
456
634
1466
689
736
552
515
539
896
88
179
264
212
343
420
243
514
732
540
859
821
498
570
484
410
395
918
596
692
34
83
193
178
227
423
513
367
586
514
560
767
1103
896
568
844
898
1143
1168
985
67
90
126
209
221
271
210
260
445
379
630
450
530
608
1052
730
1084
588
456
800
